Number,City,Lat,Longt
3,Hale,53.37831,-2.33271
3,Keokuk,40.39727,-91.38487
3,Cumberland,41.96677,-71.43284
8,Colorado,-22.8375,-51.97306
3,Scranton,41.40916,-75.6649
3,Imperial,32.84755,-115.56944
3,Norfolk,42.02834,-97.417
3,Dearborn,42.32226,-83.17631
7,Providence,41.70632,-111.81717
3,Fremont,37.54827,-121.98857
8,Bryan,41.47477,-84.55245
8,Snohomish,47.91288,-122.09818
8,Burke,38.79345,-77.27165
6,Valparaiso,41.47309,-87.06114
3,Brooklyn,41.43977,-81.73541
2,Arab,34.31815,-86.49582
3,Emerson,40.97621,-74.02625
3,Poughkeepsie,41.70037,-73.92097
8,As,59.66472,10.79465
3,Lakes,61.60713,-149.30861
7,God,47.68324,19.13417
8,Cove,7.22097,2.34017
7,Elwood,40.84538,-73.33512
3,Milwaukee,43.0389,-87.90647
3,Jefferson,43.00556,-88.80733
2,Lyon,45.74846,4.84671
2,Canning,22.31453,88.66248
8,Snoqualmie,47.52871,-121.82539
5,Bo,7.96472,-11.73833
5,Sake,-1.57386,29.04339
2,Ita,-25.50054,-57.36717
8,Naval,11.56056,124.3975
8,Guye,39.73054,118.44085
3,Weehawken,40.76955,-74.02042
2,Andreas,54.36667,-4.43333
3,Hudson,44.97469,-92.75687
2,Par,50.35107,-4.70288
8,Summit,47.16177,-122.35707
2,Northallerton,54.33901,-1.43243
4,Dublin,37.70215,-121.93579
8,Wyoming,45.33636,-92.99716
8,California,40.06563,-79.89171
8,Salt,41.97489,2.79281
8,University,28.07389,-82.43902
2,Foley,30.40659,-87.6836
2,Linden,40.62205,-74.24459
8,Price,39.59941,-110.81071
8,Atlantic,41.4036,-95.01388
6,Hazard,37.24954,-83.19323
3,Sacramento,38.58157,-121.4944
8,Nevada,42.02277,-93.45243
3,Princeton,40.34872,-74.65905
6,August,37.97881,-121.26217
8,Newcastle,-27.75796,29.9318
3,Fate,32.94151,-96.38137
2,Deal,51.22322,1.40432
5,Edwards,39.64499,-106.5942
2,Flushing,43.06308,-83.85107
3,Newport,44.63678,-124.05345
3,Vermont,-37.83616,145.19428
3,Newlands,-33.97846,18.4481
4,Edmond,35.65283,-97.4781
2,Jennings,38.71922,-90.26039
3,Rome,43.21285,-75.45573
8,Asia,9.5506,122.5164
8,Pasco,46.23958,-119.10057
8,Quincy,47.2343,-119.85255
8,Canton,40.79895,-81.37845
4,Raleigh,35.7721,-78.63861
4,Morley,53.74013,-1.59877
3,Post,33.19122,-101.379
2,Glasgow,36.99588,-85.91192
3,Jackson,43.47993,-110.76243
8,Blakely,41.48091,-75.59463
7,Paradise,36.09719,-115.14666
2,Shirley,40.80149,-72.8676
5,Pen,18.73734,73.09603
8,Wilmington,42.54648,-71.17367
8,Young,-32.69844,-57.62693
5,Islington,51.53622,-0.10304
6,Lent,51.86167,5.86667
2,Seward,40.90695,-97.09892
2,Vail,39.64026,-106.3742
5,Stone,51.0,0.76667
2,Islip,40.72982,-73.21039
2,Ode,7.7899,5.7117
3,Opportunity,47.64995,-117.23991
5,Holt,42.64059,-84.51525
5,Draper,40.52467,-111.86382
4,Audley,53.05,-2.3
3,Bell,33.97751,-118.18702
6,McKenzie,36.13256,-88.51866
3,Randolph,40.84829,-74.58148
3,Buffalo,42.88645,-78.87837
3,Troy,40.0395,-84.20328
5,Reserve,30.05381,-90.55175
5,Taylor,41.3948,-75.70658
5,Fleet,51.28333,-0.83333
8,Seattle,47.60621,-122.33207
2,Ho,6.60084,0.4713
8,Hard,47.48306,9.68306
2,Theodore,30.54769,-88.17528
2,Oliva,38.91971,-0.11935
2,Falmouth,18.49358,-77.65587
5,Man,7.41251,-7.55383
8,Victoria,44.85857,-93.66163
6,Highland,40.42548,-111.79447
3,Harrisburg,43.43137,-96.69727
2,Centennial,39.57916,-104.87692
8,Hope,33.66706,-93.59157
8,Nelson,-41.27078,173.28404
2,Albemarle,35.35014,-80.20006
3,Pullman,46.73127,-117.17962
6,Roman,46.92119,26.92646
8,Wilson,40.68399,-75.24184
6,Rosa,45.70198,11.76141
3,Florida,-34.09556,-56.21417
8,Clayton,37.94103,-121.93579
3,Tonawanda,43.02033,-78.88031
2,Made,51.67667,4.79306
2,Burton,42.99947,-83.61634
2,Yorkshire,38.79317,-77.44777
2,Temple,31.09823,-97.34278
8,Pacific,47.26455,-122.25012
3,Burlington,48.47566,-122.32544
2,Bonny,4.4516,7.17074
3,Sedalia,38.70446,-93.22826
3,Baldwin,40.33813,-79.97894
8,Bend,44.05817,-121.31531
2,Fortuna,40.59819,-124.15728
8,George,-33.963,22.46173
8,Minneapolis,44.97997,-93.26384
3,Commerce,34.00057,-118.15979
8,Laramie,41.31137,-105.5911
3,Fredericksburg,38.30318,-77.46054
6,Save,8.03424,2.4866
3,Pittsburgh,40.44062,-79.99589
8,Oswego,43.45535,-76.5105
4,Trinity,35.89458,-79.99087
7,Eden,36.48847,-79.7667
3,Delaware,40.29867,-83.06797
8,Bellingham,48.75955,-122.48822
3,Palmer,61.59972,-149.11278
4,Sheridan,44.79719,-106.95618
3,Trail,49.09983,-117.70223
3,Havre,48.55,-109.68409
3,Markham,41.59365,-87.69477
2,Gilbert,33.35283,-111.78903
7,Cheshire,41.49899,-72.90066
8,Virginia,-28.10391,26.86593
5,Justice,41.74448,-87.83783
5,Side,36.76667,31.38889
8,Montana,43.4125,23.225
8,Liverpool,53.41058,-2.97794
8,Lincoln,41.92111,-71.435
2,Pocahontas,36.26146,-90.97123
6,Rogers,45.18885,-93.55301
8,Carolina,18.38078,-65.95739
2,Alba,44.6999,8.0347
2,Appleton,44.26193,-88.41538
3,Seymour,41.39676,-73.07594
3,Tampa,27.94752,-82.45843
8,Dudley,42.0451,-71.93007
2,Alae,8.42444,124.81278
8,March,52.55131,0.08828
8,Hamilton,42.2562,-71.76757
3,Reading,40.33565,-75.92687
2,Leland,34.25628,-78.04471
6,Chambery,45.56667,5.93333
8,Denny,56.0235,-3.90812
3,Real,41.63882,-8.18098
3,Paris,44.25979,-70.50062
8,Milton,34.13216,-84.30067
3,Denver,39.73915,-104.9847
2,Kant,42.89106,74.85077
8,Jones,16.5571,121.7029
8,Dayton,39.23714,-119.59295
8,Adams,42.62425,-73.1176
8,Andrews,32.31872,-102.54572
2,Than,22.57422,71.19942
3,Napoleon,41.39227,-84.12522
8,Lexington,40.78084,-99.7415
8,Moore,35.33951,-97.4867
2,Temperance,41.77921,-83.56882
3,Craig,40.51525,-107.54645
2,Holywell,53.27466,-3.22895
8,Of,40.94055,40.25918
8,Along,28.16951,94.8006
3,Payson,40.0444,-111.73215
8,David,8.42729,-82.43085
2,Oi,35.85091,139.51998
5,Forest,37.36375,-79.28975
3,Arras,50.29301,2.78186
8,Walker,43.00141,-85.76809
2,Johnston,41.82186,-71.50675
8,Spokane,47.65966,-117.42908
7,Elizabeth,40.66399,-74.2107
6,Worcester,-33.64651,19.44852
3,Halfway,39.62065,-77.75888
8,Canyon,34.98033,-101.9188
3,Panama,8.9936,-79.51973
8,Ellensburg,46.99651,-120.54785
2,Edinburgh,55.95206,-3.19648
3,Sherman,33.63566,-96.60888
3,Albany,44.63651,-123.10593
3,Goshen,41.40204,-74.32432
3,Wells,51.20794,-2.64896
3,Warsaw,41.2381,-85.85305
8,Wellington,-33.63981,19.0112
3,Potomac,39.01817,-77.20859
2,Dresden,51.05089,13.73832
2,Alice,-32.78749,26.8344
3,Berlin,43.96804,-88.94345
3,Fargo,46.87719,-96.7898
3,Bush,29.14816,31.12733
8,Chehalis,46.66205,-122.96402
2,Bright,39.21839,-84.85606
8,Spring,30.07994,-95.41716
8,Petersburg,37.22793,-77.40193
2,Sur,22.56667,59.52889
8,Tacoma,47.25288,-122.44429
2,Tiverton,41.62594,-71.21338
8,London,39.88645,-83.44825
2,Brod,45.13747,17.98722
8,Irondale,33.48067,-84.35881
3,Philadelphia,39.95233,-75.16379
8,Zuni,41.21722,14.13082
8,Bessemer,33.40178,-86.95444
8,Davenport,41.52364,-90.57764
7,Byron,44.03274,-92.64546
4,Camden,34.24654,-80.60702
3,Natchez,31.56044,-91.40317
8,Garfield,40.88149,-74.1132
2,Murray,40.66689,-111.88799
8,Willis,30.42493,-95.47994
3,Springfield,44.04624,-123.02203
3,Astoria,46.18788,-123.83125
8,Since,9.24391,-75.14675
8,Cascade,-4.66667,55.5
8,Progress,40.28509,-76.83136
2,Brewer,44.79674,-68.76142
2,Potsdam,44.66978,-74.98131
2,Buy,58.48067,41.53699
8,Wales,53.34061,-1.28162
8,Mohr,27.5552,52.8836
3,Cleveland,41.4995,-81.69541
6,Cambridge,40.03118,-81.58846
4,Wharton,40.89315,-74.58183
2,Carroll,42.06582,-94.86693
8,Logan,41.73549,-111.83439
2,Slidell,30.27519,-89.78117
2,Boke,10.93217,-14.29055
8,Long,18.07422,99.83073
3,Winthrop,42.3751,-70.98283
3,Newark,37.52966,-122.04024
3,Baltimore,39.29038,-76.61219
8,Eagle,43.69544,-116.35401
2,Scott,30.23576,-92.09457
7,Lawrence,40.61566,-73.72958
2,Guia,28.13974,-15.63294
5,Godfrey,38.9556,-90.18678
3,Erie,40.05026,-105.04998
8,Union,40.6976,-74.2632
8,Farmington,40.9805,-111.88744
6,Star,43.69211,-116.49346
3,Manhattan,40.78343,-73.96625
2,Sydney,46.1351,-60.1831
3,Ogden,41.223,-111.97383
8,Franklin,42.88863,-88.03842
4,Leixlip,53.36583,-6.49556
8,Clay,33.7026,-86.59971
3,Detroit,42.33143,-83.04575
3,Gray,29.69771,-90.78648
6,Bethlehem,-28.23078,28.30707
6,Hamburg,42.71589,-78.82948
8,Whitman,42.08066,-70.9356
8,Washington,37.13054,-113.50829
4,Beatrice,40.26806,-96.74697
2,Battle,50.91732,0.48417
2,Hugo,45.15997,-92.99327
2,Fonseca,10.88606,-72.8487
2,Un,23.88745,71.76975
2,Carmen,7.20444,124.79167
8,Ore,6.74716,4.8761
8,Portland,45.52345,-122.67621
2,Windham,42.80064,-71.30423
3,Rochester,43.15478,-77.61556
4,Addison,41.9317,-87.98896
3,College,64.85694,-147.80278
4,Downey,33.94001,-118.13257
2,Martin,36.3434,-88.85034
2,Hamlet,34.88488,-79.69422
8,Placer,9.65417,125.6025
3,Omaha,41.25626,-95.94043
4,Madeira,39.19089,-84.36355
2,Ursus,52.19517,20.88419
2,Warren,41.73038,-71.28255
6,Page,36.91472,-111.45583
5,Mantua,38.85372,-77.25943
8,Green,43.16039,-123.36785
8,Suez,29.97371,32.52627
3,Federal,-30.95465,-58.78326
5,Liberty,30.05799,-94.79548
8,Clearwater,27.96585,-82.8001
8,Baker,30.58824,-91.16816
2,Mon,26.73583,95.05841
3,Chambersburg,39.93759,-77.6611
4,Chapelizod,53.34889,-6.34667
8,Superior,39.95276,-105.1686
8,We,-20.91687,167.26461
8,Lewiston,46.41655,-117.01766
8,Puyallup,47.18538,-122.2929
3,Howard,44.5436,-88.08816
6,Sevres,48.82292,2.21757
3,Orleans,47.90289,1.90389
3,Richmond,-29.87196,30.27235
2,Peru,40.75365,-86.06888
3,Newmarket,43.08286,-70.93506
3,Frederick,40.09915,-104.9372
8,Oriental,19.37614,-97.62051
6,Come,6.40764,1.88198
3,Halle,52.06007,8.36083
7,Cromwell,41.5951,-72.64537
8,Douglas,42.75969,-105.38221
7,Mary,37.59378,61.83031
8,China,19.76993,-90.49595
8,Ridge,40.89399,-72.89594
8,Lackawanna,42.82561,-78.82337
3,Kingston,41.48038,-71.52256
3,Chattanooga,35.04563,-85.30968
4,Phoenix,33.44838,-112.07404
8,Boulder,40.01499,-105.27055
4,Fraser,42.5392,-82.94937
2,Leigh,53.49642,-2.51973
3,Seneca,34.68566,-82.9532
8,Venice,27.09978,-82.45426
8,Nanaimo,49.16638,-123.94003
3,Chesapeake,36.81904,-76.27494
2,Thames,-37.13832,175.54011
3,Palo,11.1575,124.99083
8,Yakima,46.60207,-120.5059
8,None,44.93645,7.54015
2,Homer,59.6425,-151.5494
3,Eureka,40.80207,-124.16367
8,Oregon,42.92611,-89.38456
8,Singapore,1.28967,103.85007
4,Gordon,-29.3,152.71667
3,Martinsburg,39.45621,-77.96389
8,Valley,32.81874,-85.17939
8,Missoula,46.87215,-113.994
2,Gladstone,45.38068,-122.59481
6,Riverside,33.95335,-117.39616
3,Harriman,35.93396,-84.55244
8,Holland,42.78752,-86.10893
3,Shreveport,32.52515,-93.75018
8,Kearney,40.69946,-99.08148
4,Pale,43.81664,18.56949
3,Bridgeport,41.16704,-73.20483
2,Mason,42.5792,-84.44358
6,Boston,42.62895,-78.73753
5,Lambeth,51.49635,-0.11152
8,Crystal,45.03274,-93.36023
2,Whitehall,40.36118,-79.99089
7,Ceres,-33.36889,19.31095
8,Most,50.50301,13.63617
3,Dillon,34.41655,-79.37116
8,Moss,59.43403,10.65771
5,Bacon,13.03778,124.04111
5,Orange,33.78779,-117.85311
3,Oakland,37.80437,-122.2708
2,Send,51.28875,-0.52666
5,Monument,39.09166,-104.87276
8,Columbia,40.03371,-76.50441
4,Fully,46.13851,7.11468
2,Palmerston,-12.48602,130.9833
2,Pierre,44.36832,-100.35097
2,Dome,5.65003,-0.2361
8,Renton,47.48288,-122.21707
5,Nato,13.6105,123.5356
2,Marshall,44.4469,-95.78835
3,Willard,41.05311,-82.72629
3,Oneida,43.09257,-75.65129
8,Can,40.03328,27.05236
8,Sandwich,41.64586,-88.62174
3,Keystone,28.15585,-82.62121
3,Hartford,43.31778,-88.37899
5,Golden,39.75554,-105.2211
4,Grimes,41.68832,-93.79106
2,Oxford,42.11676,-71.86479
8,San,13.30335,-4.89562
2,Groves,29.94827,-93.91712
2,Anthony,31.99927,-106.60555
4,Glad,7.14833,124.51806
7,Stuart,27.19755,-80.25283
8,Connellsville,40.01785,-79.58948
3,Kensington,37.91048,-122.28025
8,Change,47.98499,0.28328
6,Say,13.1007,2.3689
2,Adam,22.3756,57.52334
2,Patrick,54.20447,-4.69417
3,Atlanta,33.11374,-94.16435
8,Rain,48.69029,10.91611
8,King,36.28069,-80.35922
2,Welcome,34.82651,-82.43901
3,Asheville,35.60095,-82.55402
4,Purcell,35.01368,-97.36114
8,Norman,35.22257,-97.43948
3,Ripley,35.74536,-89.5298
8,Andes,5.6561,-75.87877
4,Marlborough,42.34593,-71.55229
8,Shanghai,31.22222,121.45806
3,Chicago,41.85003,-87.65005
2,Papa,47.33004,17.4674
4,Cork,51.89797,-8.47061
5,Bag,22.35905,74.79052
8,Butte,46.00382,-112.53474
3,Galveston,29.30135,-94.7977
3,Norton,-17.88333,30.7
2,Greece,43.20978,-77.69306
3,Cheyenne,41.13998,-104.82025
5,Bar,49.07717,27.68256
8,Helena,46.59271,-112.03611
2,Manchester,47.55593,-122.54486
8,Bay,14.18368,121.28554
8,Mission,26.21591,-98.32529
4,Street,51.12472,-2.74
5,Noble,35.13924,-97.39475
3,Indiana,40.62146,-79.15253
8,Much,50.90383,7.40306
4,Bride,54.38256,-4.38921
8,Olympia,47.03787,-122.9007
3,Utica,43.1009,-75.23266
6,Police,53.55214,14.57182
8,Whitworth,53.65601,-2.1771
3,Brier,47.78454,-122.27429
6,Webster,43.21229,-77.42999
3,Memphis,35.14953,-90.04898
8,York,40.86807,-97.592
2,Coventry,41.7001,-71.68284
8,Central,34.72427,-82.78125
3,Brownsville,40.66094,-73.92014
3,Hungerford,51.41513,-1.51556
